jstat -gc -h5 28636 2s | head
 S0C    S1C    S0U    S1U      EC       EU        OC         OU       MC     MU    CCSC   CCSU   YGC     YGCT    FGC    FGCT     GCT   
3072,0 5120,0  0,0   352,0  164352,0   0,0     187392,0   176387,0  26880,0 26161,7 3584,0 3371,8   5285   24,004  56      2,727   26,730
3072,0 3072,0  0,0   2844,7 168448,0 110867,1  191488,0   42838,7   26880,0 26161,7 3584,0 3371,8   5303   24,086  57      2,808   26,894
3072,0 5120,0 3040,1  0,0   164352,0 132142,8  191488,0   63303,3   26880,0 26161,7 3584,0 3371,8   5322   24,166  57      2,808   26,974
3584,0 5120,0 3580,5  0,0   164352,0 10563,6   191488,0   82501,8   26880,0 26161,7 3584,0 3371,8   5342   24,257  57      2,808   27,065
3584,0 2560,0  0,0   2550,1 168448,0 41285,5   191488,0   98371,2   26880,0 26161,7 3584,0 3371,8   5361   24,330  57      2,808   27,137
 S0C    S1C    S0U    S1U      EC       EU        OC         OU       MC     MU    CCSC   CCSU   YGC     YGCT    FGC    FGCT     GCT   
3072,0 3072,0  0,0   1305,2 167424,0 126540,6  191488,0   108491,5  26880,0 26161,7 3584,0 3371,8   5379   24,410  57      2,808   27,218
3072,0 2560,0  0,0   2550,2 168448,0   0,0     191488,0   130011,4  26880,0 26161,7 3584,0 3371,8   5399   24,492  57      2,808   27,300
2560,0 4608,0 2556,3  0,0   165376,0   0,0     191488,0   149929,7  26880,0 26161,7 3584,0 3371,8   5418   24,567  57      2,808   27,375
